# id	left	top	right	bottom	texture_id
[SPRITES]
#trai
90000	140	60	156	86	11
90001	20	108	36	134	11
90014	140	0	156	26	11
90015	120	64	136	92	11
#phai
90002	140	90	156	116	11
90003	39	108	56	135	11
90016	140	30	156	56	11
90017	0	108	17	135	11
#PARAKoopa
90008	60	108	76	135	11
90009	100	108	116	135	11
90010	120	0	136	28	11
90011	80	108	96	135	11
90012	120	108	136	135	11
90013	120	32	136	60	11
#mai rua
90004	180	40	196	56	11
90005	180	60	196	76	11
90006	180	80	196	96	11
90007	180	100	196	116	11
90018	141	139	157	155	11
90019	180	0	196	16	11
90020	160	100	176	116	11
90021	120	139	137	155	11

90024	60	166	76	182	11
90025	80	166	96	182	11
90026	40	166	56	182	11
90027	120	166	136	182	11
90028	100	166	116	182	11

90029	140	166	156	182	11
90030	160	166	176	182	11
90031	200	0	216	16	11
90032	200	20	216	36	11
90033	200	40	216	56	11
#hoisinh
90022	180	20	196	36	11
90023	180	120	196	136	11
#die

# ani_id	sprite1_id	time1	sprite2_id	time2	...
[ANIMATIONS]
#idle
13006	90000	300
13007	90002	300
13008	90014	300
13009	90016	300
#walk left
13002	90000	300	90001	300
13010	90014	300	90015	300
#walk right
13003	90002	300	90003	300
13011	90016	300	90017	300
#fly
13014	90008	300	90009	300	90010	300
13015	90011	300	90012	300	90013	300
#idle mai rua
13004	90004	300
13012	90018	300

13019	90029	300
13018	90024	300
#hoido
13016	90004	100	90023	100
13017	90018	100	90022	100
13022	90029	100	90033	100
13023	90024	100	90028	100
#Tac dong
13005	90004	10	90005	10	90006	10	90007	10
13013	90018	10	90019	10	90020	10	90021	10
13020	90024	10	90025	10	90026	10	90027	10
13021	90029	10	90030	10	90031	10	90032	10