# id	left	top	right	bottom	texture_id
[SPRITES]
#####  BIG ###############
#IDLE
11121	246	154	259	181	0
11111	186	154	199	181	0

#WALKING RIGHT
11222	275	154	290	181	0
11223	304	154	321	181	0

#WALKING LEFT
11212	155	154	170	181	0
11213	125	154	140	181	0

#RUNNING RIGHT
11321	334	154	355	181	0
11322	334	154	355	181	0
11323	392	154	413	181	0

#RUNNING LEFT
11311	91	154	112	181	0
11312	65	154	86	181	0
11313	34	154	55	181	0

#JUMP WALK RIGHT
11417	395	275	412	302	0
11413	35	275	52	302	0

#JUMP RUN RIGHT & LEFT
11427	394	195	413	222	0
11423	35	195	52	222	0

#SIT RIGHT & LEFT 
11521	426	239	441	256	0
11511	5	239	20	256	0

#BRACE RIGHT & LEFT 
11621	425	154	442	181	0
11611	5	154	22	181	0

#DIE
13001	215	120	234	137	0
##############MAI RUA##################
#WALKING right
11125	247	120	261	136	0
11226	276	120	291	136	0


#WALKING left
11127	186	120	200	136	0
11228	155	120	170	136	0

##########LEAF##############

#IDLE
11131	177	633	206	664	0
11141	241	633	265	664	0

#WALKING RIGHT
11234	270	633	297	664	0
11235	300	633	326	664	0

#WALKING LEFT
11224	151	633	174	664	0
11225	119	633	145	664	0

#RUNNING RIGHT
11324	329	633	355	664	0
11325	361	633	385	664	0
11326	387	633	417	664	0

#RUNNING LEFT
11314	87	633	116	664	0
11315	56	633	82	664	0
11316	30	633	54	664	0
#JUMP WALK RIGHT
11418	395	275	412	302	0
11419	35	275	52	302	0

#JUMP RUN RIGHT & LEFT
11422	394	195	413	222	0
11421	35	195	52	222	0

#SIT RIGHT & LEFT 
11523	392	674	414	699	0
11512	29	674	55	699	0
#BRACE RIGHT & LEFT 
11624	420	633	443	664	0
11615	4	633	22	664	0
############ SMALL ################
 #IDLE
12121	247	0	260	15	0
12111	187	0	200	15	0

#WALK RIGHT
12222	275	0	292	15	0
12223	306	0	321	15	0

#WALK LEFT
12212	155	0	170	15	0
12213	125	0	140	15	0

#RUN RIGHT
12321	275	0	290	15	0
12322	306	0	321	15	0
12323	335	0	350	15	0

#RUN LEFT
12311	155	0	170	15	0
12312	125	0	140	15	0
12313	95	0	110	15	0

#BRACE RIGHT & LEFT
12511	6	0	19	15	0
12521	426	0	439	15	0

#JUMP WALK RIGHT & LEFT 
12413	35	80	50	95	0
12417	395	80	410	95	0

#JUMP RUN RIGHT & LEFT 
12423	65	40	80	55	0
12427	365	40	380	55	0

# ani_id	sprite1_id	time1	sprite2_id	time2	...
[ANIMATIONS]
400	11121	100
401	11111	100

#WALKING RIGHT & LEFT 
500	11121	100	11222	100	11223	100
501	11111	100	11212	100	11213	100

#RUNNING RIGHT & LEFT
600	11321	50	11322	50	11323	50
601	11311	50	11312	50	11313	50

#JUMP WALK
700	11417	100
701	11413	100

#JUMP RUN
800	11427	100
801	11423	100

#SIT RIGHT & LEFT 
900	11521	100
901	11511	100

#BRACE RIGHT & LEFT 
1000	11621	100
1001	11611	100

#DIE
999	13001	100
########MAI RUA#########
1003	11125	100
1004	11127	100
#Walk
1001	11125	100	11226	100
1002	11127	100	11228	100
#Jump
1005	11226	100
1006	11228	100
################### SMALL #################
1100	12121	100
1102	12111	100


#WALK LEFT & RIGHT 
1200	12121	100	12222	100	12223	100
1201	12111	100	12212	100	12213	100

#RUN LEFT & RIGHT
1300	12321	100	12322	100	12323	100
1301	12311	100	12312	100	12313	100

#BRACE LEFT & RIGHT
1401	12511	100
1400	12521	100

#JUMP WALK
1500	12417	100
1501	12413	100

#JUMP RUN 
1601	12423	100
1600	12427	100