# id	left	top	right	bottom	texture_id
[SPRITES]
#tree
60003	0	39	64	104	50
60004	64	6	128	104	50
#title
60005	5	152	188	222	50
#1 player game
60006	0	109	105	122	50
#2 player game
60007	0	127	105	136	50
#smoke big
60008	16	7	48	23	50

#smoke small
60009	0	23	16	32	50

#1988
60010	127	62	176	71	50
#nintendo
60011	134	47	185	56	50
#TM
60012	51	7	63	18	50
#background
60013	175	95	191	111	50

#three
60014	0	0	43	40	60
60015	44	0	89	43	60
60016	0	45	44	85	60
60017	44	45	89	85	60
rite1_id	time1	sprite2_id	time2	...
[ANIMATIONS]
#tree
12002	60003	1000
12003	60004	1000
#title
12004	60005	1000
#1 player game
12005	60006	1000
#2 player game
12006	60007	1000
#smoke big
12007	60008	1000
#smoke small
12008	60009	1000
#1988
12009	60010	1000
#nintendo
12010	60011	1000
#TM
12011	60012	1000
#background
12012	60013	1000
#THREE

12013	60014	1000	60015	1000	60016	1000
