# id	left	top	right	bottom	texture_id
###  5 6 7 8 1 2 3 4
[SPRITES]
33001	0	35	16	67	11
33002	19	35	36	67	11
33003	40	35	56	67	11
33004	59	35	76	67	11
33005	0	0	16	31	11
33006	19	0	36	31	11
33007	40	0	56	31	11
33008	59	0	76	31	11
#venus2
33013	80	0	96	32	11
33014	100	72	116	103	11
#venus1  td  tt  pt	pd
33015	100	0	116	33	11
33016	80	36	96	68	11
33017	0	72	16	104	11
33018	100	36	116	68	11
33019	60	72	76	104	11
33020	80	72	96	104	11
33021	20	72	36	104	11
33022	40	72	56	104	11
### DAN
33009	200	105	208	115	11
33010	200	119	208	127	11
33011	200	132	208	140	11
33012	200	144	208	151	11
# ani_id	sprite1_id	time1	sprite2_id	time2	...
[ANIMATIONS]
11100	33009	100	33010	100	33011	100	33012	100

##Len,xuong tren trai
11101	33001	300	33003	300
##Len,xuong tren phai
11102	33002	300	33004	300

##Len,xuong duoi trai
11103	33005	300	33007	300
##Len,xuong duoi phai
11104	33006	300	33008	300

##Len,xuong tren trai
11109	33017	300	33018	300
##Len,xuong tren phai
11110	33019	300	33020	300

##Len,xuong duoi trai
11111	33015	300	33016	300
##Len,xuong duoi phai
11112	33021	300	33022	300

#venus2
11113	33013	300	33014	300

#Ban tren trai
11105	33001	300
#Ban tren phai
11106	33002	300
#Ban duoi trai
11107	33005	300
#Ban duoi phai
11108	33006	300

#Ban tren trai
11114	33018	300
#Ban tren phai
11115	33020	300
#Ban duoi trai
11116	33016	300
#Ban duoi phai
11117	33022	300
